88318
87386
68814
26496
1754
8570
50818
26850
89118
99654
34292
92104
94618
22234
82632
35632
58608
41252
46726
68312
92326
11672
33532
87590
94028
37460
96478
18100
59776
86758
9450
74520
74058
61990
10348
97910
18710
27464
75198
48606
3018
92858
66090
78514
41448
93010
778
43782
88036
58324
73672
43068
61008
48624
2660
56548
99312
97234
78074
89054
33154
91084
82808
16176
94312
1690
69556
63374
99014
45956
87500
76690
12508
72056
27836
72942
35954
58842
63858
28208
36666
450
54640
26502
13316
15686
7118
53238
73610
110
47236
68550
9444
73542
15892
5348
80106
28172
53962
84528
